
418994
497556
287358
414452
418995
490569
508027
497557
462641
440639
418996
418997
511519
479647
418998
504222
418999
488832
480103
419000
488833
419001
488834
419002
519130
472323
488835
517345
419003
521995
497565
488836
480107
488861
288755
419004
488837
326466
419005
505401
488838
480109
419006
410277
474859
415502
488839
419007
472203
488840
427737
419008
464703
488841
419009
488842
480113
326467
410961
419010
488843
419011
474860
488844
480115
459148
419012
410283
520251
497574
488845
419013
410284
494510
488846
342180
419014
410285
419341
488847
326468
393322
419015
410286
488848
480119
419016
410287
474861
509777
488849
419017
410288
488850
480121
419018
410289
393338
488851
342181
419019
410290
377097
403284
488852
480123
326469
419020
410291
490574
488853
419021
410292
464732
509778
488854
480125
419022
410293
488855
419023
410294
488856
480127
342182
419024
410295
377098
403285
419843
488857
480128
419025
410296
490575
488858
480129
427755
419026
410297
474863
509779
488859
480130
419027
410298
488893
457650
488860
480131
263168
263169
263170
263171
263172
263173
263174
263175
263176
263177
263178
263179
263180
263181
263182
263183
263184
263185
263186
263187
263188
263189
263190
263191
263192
263193
263194
263195
263196
263197
263198
263199
263200
263201
263202
263203
263204
263205
263206
263207
263208
263209
263210
263211
263212
263213
263214
263215
263216
263217
263218
263219
263220
263221
263222
263223
263224
263225
263226
263227
263228
263229
263230
263231
263232
263233
263234
263235
263236
263237
263238
263239
263240
263241
263242
263243
263244
263245
263246
263247
263248
263249
263250
263251
263252
263253
263254
263255
263256
263257
263258
263259
263260
263261
263262
263263
263264
263265
263266
263267
263268
263269
263270
263271
263272
263273
263274
263275
263276
263277
263278
263279
263280
263281
263282
263283
263284
263285
263286
263287
263288
263289
263290
263291
263292
263293
263294
263295
263296
263297
263298
263299
263300
263301
263302
263303
263304
263305
263306
263307
263308
263309
263310
263311
263312
263313
263314
263315
263316
263317
263318
263319
263320
263321
263322
263323
263324
263325
263326
263327
263328
263329
263330
263331
263332
263333
263334
263335
263336
263337
263338
263339
263340
263341
263342
263343
263344
263345
263346
263347
263348
263349
263350
263351
263352
263353
263354
263355
263356
263357
263358
263359
263360
263361
263362
263363
263364
263365
263366
263367
263368
263369
263370
263371
263372
263373
263374
263375
263376
263377
263378
263379
263380
263381
263382
263383
263384
263385
263386
263387
263388
263389
263390
263391
263392
263393
263394
263395
263396
263397
263398
263399
263400
263401
263402
263403
263404
263405
263406
263407
263408
263409
263410
263411
263412
263413
263414
263415
263416
263417
263418
263419
263420
263421
263422
263423
263424
263425
263426
263427
263428
263429
263430
263431
263432
263433
263434
263435
263436
263437
263438
263439
263440
263441
263442
263443
263444
263445
263446
263447
263448
263449
263450
263451
263452
263453
263454
263455
263456
263457
263458
263459
263460
263461
263462
263463
263464
263465
263466
263467
263468
263469
263470
263471
263472
263473
263474
263475
263476
263477
263478
263479
263480
263481
263482
263483
263484
263485
263486
263487
263488
263489
263490
263491
263492
263493
263494
263495
263496
263497
263498
263499
263500
263501
263502
263503
263504
263505
263506
263507
263508
263509
263510
263511
263512
263513
263514
263515
263516
263517
263518
263519
263520
263521
263522
263523
263524
263525
263526
263527
263528
263529
263530
263531
263532
263533
263534
263535
263536
263537
263538
263539
263540
263541
263542
263543
263544
263545
263546
263547
263548
263549
263550
263551
488873
480144
335263
419041
410312
438684
488874
480145
419042
410313
488875
480146
419043
410314
488876
480147
342186
427773
419044
410315
447413
377102
385831
488877
480148
326474
414454
419045
361390
490579
431631
488878
480149
419046
410317
464733
488879
480150
440641
487198
419047
410318
472343
488880
480151
349796
419048
410319
480234
512035
469703
488881
480152
419049
410320
263808
263809
263810
263811
263812
263813
263814
263815
263816
263817
263818
263819
263820
263821
263822
263823
263824
263825
263826
263827
263828
263829
263830
263831
263832
263833
263834
263835
263836
263837
263838
263839
263840
263841
263842
263843
263844
263845
263846
263847
263848
263849
263850
263851
263852
263853
263854
263855
263856
263857
263858
263859
263860
263861
263862
263863
263864
263865
263866
263867
263868
263869
263870
263871
263872
263873
263874
263875
263876
263877
263878
263879
263880
263881
263882
263883
263884
263885
263886
263887
263888
263889
263890
263891
263892
263893
263894
263895
263896
263897
263898
263899
263900
263901
263902
263903
263904
263905
263906
263907
263908
263909
263910
263911
263912
263913
263914
263915
263916
263917
263918
263919
263920
263921
263922
263923
263924
263925
263926
263927
263928
263929
263930
263931
263932
263933
263934
263935
349824
349825
480157
349826
288757
410325
349827
377104
349828
349829
349830
480158
326476
437212
349831
361392
349832
490581
349833
349834
349835
480159
462701
349836
410327
349837
349838
349839
349840
516409
480160
349841
349842
452678
349843
349844
349845
480161
349846
349847
349848
495819
349849
503141
349850
480162
349851
349852
377105
349853
349854
349855
326477
462705
349856
361393
349857
490582
349858
349859
497622
349860
480164
349861
437243
349862
349863
342877
349864
518515
509426
497623
349865
480165
349866
264192
264193
264194
264195
264196
264197
264198
264199
264200
264201
264202
264203
264204
264205
264206
264207
264208
264209
264210
264211
264212
264213
264214
264215
264216
264217
264218
264219
264220
264221
264222
264223
264224
264225
264226
264227
264228
264229
264230
264231
264232
264233
264234
264235
264236
264237
264238
264239
264240
264241
264242
264243
264244
264245
264246
264247
264248
264249
264250
264251
264252
264253
264254
264255
264256
264257
264258
264259
264260
264261
264262
264263
264264
264265
264266
264267
264268
264269
264270
264271
264272
264273
264274
264275
264276
264277
264278
264279
264280
264281
264282
264283
264284
264285
264286
264287
264288
264289
264290
264291
264292
264293
264294
264295
264296
264297
264298
264299
264300
264301
264302
264303
264304
264305
264306
264307
264308
264309
264310
264311
264312
264313
264314
264315
264316
264317
264318
264319
349888
349889
497628
349890
488899
480170
349891
447625
349892
349893
349894
497629
349895
488900
480171
349896
349897
349898
489661
349899
497630
349900
488901
480172
499999
349901
349902
377107
349903
349904
497631
349905
488902
326479
349906
361395
349907
490584
349908
357967
499313
287361
349909
349910
488903
480174
349911
372120
349912
349913
416550
349914
518517
349915
488904
440642
349916
349917
349918
349919
349920
488905
480176
349921
349922
349923
349924
349925
488906
480177
349926
349927
377108
349928
349929
349930
488907
326480
349931
361396
349932
490585
349933
428002
349934
349935
488908
480179
349936
349937
349938
349939
349940
488909
480180
349941
349942
349943
349944
349945
488910
480181
349946
349947
349948
450745
349949
349950
488911
480182
478865
349951
502119
428000
497641
488912
326481
361397
490586
405165
497642
488913
480184
474874
292948
518519
488914
480185
488915
480186
507968
264832
264833
264834
264835
264836
264837
264838
264839
264840
264841
264842
264843
264844
264845
264846
264847
264848
264849
264850
264851
264852
264853
264854
264855
264856
264857
264858
264859
264860
264861
264862
264863
264864
264865
264866
264867
264868
264869
264870
264871
264872
264873
264874
264875
264876
264877
264878
264879
264880
264881
264882
264883
264884
264885
264886
264887
264888
264889
264890
264891
264892
264893
264894
264895
264896
264897
264898
264899
264900
264901
264902
264903
264904
264905
264906
264907
264908
264909
264910
264911
264912
264913
264914
264915
264916
264917
264918
264919
264920
264921
264922
264923
264924
264925
264926
264927
264928
264929
264930
264931
264932
264933
264934
264935
264936
264937
264938
264939
264940
264941
264942
264943
264944
264945
264946
264947
264948
264949
264950
264951
264952
264953
264954
264955
264956
264957
264958
264959
480191
480192
480193
490588
480194
474876
518521
497653
480195
480196
466268
522013
480197
509605
405727
480198
414456
287362
480199
474877
416551
497658
480200
480201
480202
357996
480203
357997
480204
474878
468782
518523
497663
480205
480206
497665
480207
265472
265473
265474
265475
265476
265477
265478
265479
265480
265481
265482
265483
265484
265485
265486
265487
265488
265489
265490
265491
265492
265493
265494
265495
265496
265497
265498
265499
265500
265501
265502
265503
265504
265505
265506
265507
265508
265509
265510
265511
265512
265513
265514
265515
265516
265517
265518
265519
265520
265521
265522
265523
265524
265525
265526
265527
265528
265529
265530
265531
265532
265533
265534
265535
265536
265537
265538
265539
265540
265541
265542
265543
265544
265545
265546
265547
265548
265549
265550
265551
265552
265553
265554
265555
265556
265557
265558
265559
265560
265561
265562
265563
265564
265565
265566
265567
265568
265569
265570
265571
265572
265573
265574
265575
265576
265577
265578
265579
265580
265581
265582
265583
265584
265585
265586
265587
265588
265589
265590
265591
265592
265593
265594
265595
265596
265597
265598
265599
265600
265601
265602
265603
265604
265605
265606
265607
265608
265609
265610
265611
265612
265613
265614
265615
265616
265617
265618
265619
265620
265621
265622
265623
265624
265625
265626
265627
265628
265629
265630
265631
265632
265633
265634
265635
265636
265637
265638
265639
265640
265641
265642
265643
265644
265645
265646
265647
265648
265649
265650
265651
265652
265653
265654
265655
265656
265657
265658
265659
265660
265661
265662
265663
265664
265665
265666
265667
265668
265669
265670
265671
265672
265673
265674
265675
265676
265677
265678
265679
265680
265681
265682
265683
265684
265685
265686
265687
265688
265689
265690
265691
265692
265693
265694
265695
265696
265697
265698
265699
265700
265701
265702
265703
265704
265705
265706
265707
265708
265709
265710
265711
265712
265713
265714
265715
265716
265717
265718
265719
265720
265721
265722
265723
265724
265725
265726
265727
265728
265729
265730
265731
265732
265733
265734
265735
265736
265737
265738
265739
265740
265741
265742
265743
265744
265745
265746
265747
265748
265749
265750
265751
265752
265753
265754
265755
265756
265757
265758
265759
265760
265761
265762
265763
265764
265765
265766
265767
265768
265769
265770
265771
265772
265773
265774
265775
265776
265777
265778
265779
265780
265781
265782
265783
265784
265785
265786
265787
265788
265789
265790
265791
265792
265793
265794
265795
265796
265797
265798
265799
265800
265801
265802
265803
265804
265805
265806
265807
265808
265809
265810
265811
265812
265813
265814
265815
265816
265817
265818
265819
265820
265821
265822
265823
265824
265825
265826
265827
265828
265829
265830
265831
265832
265833
265834
265835
265836
265837
265838
265839
265840
265841
265842
265843
265844
265845
265846
265847
265848
265849
265850
265851
265852
265853
265854
265855
331827
497679
488950
480221
331828
437531
488951
480222
437532
331829
437536
488952
480223
331830
488953
480224
331831
497683
488954
480225
464736
331832
488955
480226
437555
331833
522019
488956
480227
331834
488957
437562
331835
488958
437567
331836
488959
480230
519131
331837
497689
480231
331838
480232
331839
480233
331840
497692
393901
437592
474862
331841
480235
331842
480236
437603
331843
497695
480237
331844
480238
331845
497697
480239
331846
437622
331847
437627
393937
331848
497700
480242
437633
331849
497701
480243
437639
331850
480244
331851
480245
331852
437652
266624
266625
266626
266627
266628
266629
266630
266631
266632
266633
266634
266635
266636
266637
266638
266639
266640
266641
266642
266643
266644
266645
266646
266647
266648
266649
266650
266651
266652
266653
266654
266655
266656
266657
266658
266659
266660
266661
266662
266663
266664
266665
266666
266667
266668
266669
266670
266671
266672
266673
266674
266675
266676
266677
266678
266679
266680
266681
266682
266683
266684
266685
266686
266687
266688
266689
266690
266691
266692
266693
266694
266695
266696
266697
266698
266699
266700
266701
266702
266703
266704
266705
266706
266707
266708
266709
266710
266711
266712
266713
266714
266715
266716
266717
266718
266719
266720
266721
266722
266723
266724
266725
266726
266727
266728
266729
266730
266731
266732
266733
266734
266735
266736
266737
266738
266739
266740
266741
266742
266743
266744
266745
266746
266747
266748
266749
266750
266751
437675
331857
480251
331858
480252
437683
437685
331859
437686
480253
331860
480254
331861
480255
520039
437711
437713
267008
267009
267010
267011
267012
267013
267014
267015
267016
267017
267018
267019
267020
267021
267022
267023
267024
267025
267026
267027
267028
267029
267030
267031
267032
267033
267034
267035
267036
267037
267038
267039
267040
267041
267042
267043
267044
267045
267046
267047
267048
267049
267050
267051
267052
267053
267054
267055
267056
267057
267058
267059
267060
267061
267062
267063
267064
267065
267066
267067
267068
267069
267070
267071
267072
267073
267074
267075
267076
267077
267078
267079
267080
267081
267082
267083
267084
267085
267086
267087
267088
267089
267090
267091
267092
267093
267094
267095
267096
267097
267098
267099
267100
267101
267102
267103
267104
267105
267106
267107
267108
267109
267110
267111
267112
267113
267114
267115
267116
267117
267118
267119
267120
267121
267122
267123
267124
267125
267126
267127
267128
267129
267130
267131
267132
267133
267134
267135
437743
437747
294552
5120
5121
5122
5123
5124
5125
5126
5127
5128
5129
5130
5131
5132
5133
5134
5135
5136
5137
5138
5139
5140
5141
5142
5143
5144
5145
5146
5147
5148
5149
5150
5151
5152
5153
5154
5155
5156
5157
5158
5159
5160
5161
