***** LANL anonymous archive filesystem stats *****
histogram,file size
count,106075739,items
average,21499.464394,KB
min,0,KB
max,860058281,KB
bucket min,bucket max,count,percent,cumulative pct,val count,percent,cumulative pct
0,2,8405700,0.079242,0.079242,5866359.449219,0.000003,0.000003
2,4,5093270,0.048015,0.127258,13050810.243164,0.000006,0.000008
4,8,3309015,0.031195,0.158453,20456028.700195,0.000009,0.000017
8,16,3004590,0.028325,0.186778,34636655.113281,0.000015,0.000032
16,32,2607252,0.024579,0.211357,56716395.850586,0.000025,0.000057
32,64,2494256,0.023514,0.234871,111092986.450195,0.000049,0.000106
64,128,5268186,0.049664,0.284535,473775360.629883,0.000208,0.000314
128,256,5871003,0.055347,0.339882,1062447886.347656,0.000466,0.000780
256,512,6632055,0.062522,0.402404,2390802358.492188,0.001048,0.001828
512,1024,5886748,0.055496,0.457900,4380038166.187500,0.001921,0.003749
1024,2048,11452673,0.107967,0.565867,16049620442.941406,0.007038,0.010786
2048,4096,11597868,0.109336,0.675203,34650154297.651367,0.015194,0.025980
4096,8192,10138785,0.095581,0.770783,56518050096.837891,0.024782,0.050762
8192,16384,14092445,0.132853,0.903636,148771156023.660156,0.065234,0.115996
16384,32768,5035832,0.047474,0.951110,105928234706.587891,0.046448,0.162444
32768,65536,1937599,0.018266,0.969376,87933395113.368164,0.038558,0.201002
65536,131072,1165283,0.010985,0.980361,101439199856.784180,0.044480,0.245482
131072,262144,756475,0.007131,0.987493,138415454754.436523,0.060693,0.306175
262144,524288,516927,0.004873,0.992366,179324758780.052734,0.078631,0.384807
524288,1048576,214415,0.002021,0.994387,164401452127.237305,0.072088,0.456894
1048576,2097152,516331,0.004868,0.999255,634105445680.681641,0.278047,0.734941
2097152,4194304,49561,0.000467,0.999722,135496419685.025391,0.059413,0.794354
4194304,8388608,16438,0.000155,0.999877,87466242630.149414,0.038353,0.832707
8388608,16777216,5769,0.000054,0.999932,62876263374.858398,0.027570,0.860278
16777216,33554432,3476,0.000033,0.999964,85620635384.481445,0.037543,0.897821
33554432,67108864,2595,0.000024,0.999989,122067389323.092773,0.053525,0.951346
67108864,134217728,1049,0.000010,0.999999,77119958813.686523,0.033816,0.985162
134217728,268435456,111,0.000001,1.000000,17008967856.515625,0.007458,0.992620
268435456,536870912,11,0.000000,1.000000,3634570816.203125,0.001594,0.994214
536870912,1073741824,21,0.000000,1.000000,13195320944.500000,0.005786,1.000000

histogram,Capacity
count,106075739,items
average,1311.625887,KB
min,0,KB
max,258762512,KB
bucket min,bucket max,count,percent,cumulative pct,val count,percent,cumulative pct
0,2,23038450,0.217189,0.217189,0.000000,0.000000,0.000000
16,32,19658287,0.185323,0.402512,314532592.000000,0.002261,0.002261
32,64,4112213,0.038767,0.441279,147541424.000000,0.001060,0.003321
64,128,5599110,0.052784,0.494063,491310160.000000,0.003531,0.006852
128,256,6100914,0.057515,0.551577,1082055456.000000,0.007777,0.014630
256,512,6964291,0.065654,0.617231,2496780096.000000,0.017945,0.032575
512,1024,5958608,0.056173,0.673404,4452418944.000000,0.032001,0.064577
1024,2048,11468355,0.108115,0.781519,16138213648.000000,0.115992,0.180569
2048,4096,11604404,0.109397,0.890917,34747915264.000000,0.249748,0.430317
4096,8192,10138795,0.095581,0.986497,56593932944.000000,0.406765,0.837083
8192,16384,1409982,0.013292,0.999789,12350962368.000000,0.088772,0.925854
16384,32768,5350,0.000050,0.999840,123202864.000000,0.000886,0.926740
32768,65536,532,0.000005,0.999845,26842160.000000,0.000193,0.926933
65536,131072,3460,0.000033,0.999878,251030640.000000,0.001804,0.928737
131072,262144,4292,0.000040,0.999918,894622992.000000,0.006430,0.935167
262144,524288,5243,0.000049,0.999967,2009906064.000000,0.014446,0.949613
524288,1048576,3134,0.000030,0.999997,2156151952.000000,0.015497,0.965110
1048576,2097152,145,0.000001,0.999998,222419120.000000,0.001599,0.966709
2097152,4194304,26,0.000000,0.999999,81977712.000000,0.000589,0.967298
4194304,8388608,20,0.000000,0.999999,96042176.000000,0.000690,0.967988
8388608,16777216,50,0.000000,0.999999,493725280.000000,0.003549,0.971537
16777216,33554432,14,0.000000,0.999999,259476496.000000,0.001865,0.973402
33554432,67108864,62,0.000001,1.000000,3234581728.000000,0.023248,0.996650
134217728,268435456,2,0.000000,1.000000,466043152.000000,0.003350,1.000000

histogram,Positive Overhead
count,89104986,items
average,10.062137,KB
min,0,KB
max,32768,KB
bucket min,bucket max,count,percent,cumulative pct,val count,percent,cumulative pct
0,2,155306,0.001743,0.001743,13983.146484,0.000016,0.000016
2,4,18232,0.000205,0.001948,291688.975586,0.000325,0.000341
4,8,19333,0.000217,0.002165,310001.672852,0.000346,0.000687
8,16,37283,0.000418,0.002583,600914.908203,0.000670,0.001357
16,32,752490,0.008445,0.011028,12052964.403320,0.013443,0.014800
32,64,428314,0.004807,0.015835,11718833.457031,0.013070,0.027871
64,128,4262449,0.047836,0.063671,132937452.623047,0.148271,0.176141
128,256,1057163,0.011864,0.075535,18120853.478516,0.020211,0.196352
256,512,2391921,0.026844,0.102379,37332151.460938,0.041638,0.237990
512,1024,1787215,0.020057,0.122437,27010280.742188,0.030126,0.268116
1024,2048,1959566,0.021992,0.144428,28213991.716797,0.031468,0.299584
2048,4096,5092847,0.057156,0.201584,68435675.259766,0.076329,0.375913
4096,8192,3308952,0.037135,0.238719,32490069.823242,0.036238,0.412151
8192,16384,3004567,0.033719,0.272439,13436634.136719,0.014986,0.427137
16384,32768,4021208,0.045129,0.317567,49356700.727539,0.055050,0.482187
32768,65536,2506986,0.028135,0.345703,16735682.448242,0.018666,0.500853
65536,131072,5278773,0.059242,0.404945,39162803.290039,0.043680,0.544533
131072,262144,5878063,0.065968,0.470913,45968353.064453,0.051270,0.595803
262144,524288,6635867,0.074472,0.545385,46522063.543945,0.051888,0.647691
524288,1048576,5887873,0.066078,0.611463,48402554.204102,0.053985,0.701676
1048576,2097152,11452823,0.128532,0.739995,81147855.048828,0.090508,0.792184
2097152,4194304,11597816,0.130159,0.870154,87432679.225586,0.097517,0.889701
4194304,8388608,10137586,0.113771,0.983925,80932083.587891,0.090267,0.979968
8388608,16777216,1410017,0.015824,0.999749,17297368.935547,0.019292,0.999261
16777216,33554432,5358,0.000060,0.999809,287503.705078,0.000321,0.999581
33554432,67108864,539,0.000006,0.999816,235837.210938,0.000263,0.999844
67108864,134217728,3461,0.000039,0.999854,22270.458984,0.000025,0.999869
134217728,268435456,4291,0.000048,0.999903,31015.473633,0.000035,0.999904
268435456,536870912,5242,0.000059,0.999961,63334.184570,0.000071,0.999974
536870912,1073741824,3134,0.000035,0.999997,20956.466797,0.000023,0.999998
1073741824,2147483648,145,0.000002,0.999998,766.291992,0.000001,0.999999
2147483648,4294967296,26,0.000000,0.999998,142.795898,0.000000,0.999999
4294967296,8589934592,16,0.000000,0.999999,18.000000,0.000000,0.999999
8589934592,17179869184,46,0.000001,0.999999,611.977539,0.000001,0.999999
17179869184,34359738368,14,0.000000,0.999999,283.050781,0.000000,1.000000
34359738368,68719476736,62,0.000001,1.000000,213.986328,0.000000,1.000000
137438953472,274877906944,2,0.000000,1.000000,8.000000,0.000000,1.000000

histogram,Negative Overhead
count,22884343,items
average,93608.348679,KB
min,0,KB
max,860058281,KB
bucket min,bucket max,count,percent,cumulative pct,val count,percent,cumulative pct
4,8,16,0.000001,0.000001,0.083008,0.000000,0.000000
16,32,2,0.000000,0.000001,0.055664,0.000000,0.000000
32,64,1,0.000000,0.000001,0.058594,0.000000,0.000000
2048,4096,423,0.000018,0.000019,933.502930,0.000000,0.000000
4096,8192,63,0.000003,0.000022,386.523438,0.000000,0.000000
8192,16384,23,0.000001,0.000023,217.250000,0.000000,0.000000
16384,32768,10,0.000000,0.000024,296.578125,0.000000,0.000000
32768,65536,5,0.000000,0.000024,220.898438,0.000000,0.000000
65536,131072,8,0.000000,0.000024,675.919922,0.000000,0.000000
131072,262144,11,0.000000,0.000025,1791.412109,0.000000,0.000000
262144,524288,18,0.000001,0.000025,5798.036133,0.000000,0.000000
524288,1048576,52,0.000002,0.000028,29776.391602,0.000000,0.000000
1048576,2097152,210,0.000009,0.000037,231113.990234,0.000000,0.000000
2097152,4194304,206,0.000009,0.000046,459152.876953,0.000000,0.000000
4194304,8388608,1257,0.000055,0.000101,9897044.425781,0.000005,0.000005
8388608,16777216,12682464,0.554198,0.554299,136437076960.595703,0.063691,0.063696
16777216,33554432,5030484,0.219822,0.774121,105805127074.292969,0.049392,0.113088
33554432,67108864,1937067,0.084646,0.858767,87906556374.579102,0.041036,0.154124
67108864,134217728,1161822,0.050769,0.909536,101188058159.243164,0.047236,0.201360
134217728,268435456,752184,0.032869,0.942405,137520979113.910156,0.064197,0.265558
268435456,536870912,511685,0.022360,0.964765,177314890498.237305,0.082774,0.348331
536870912,1073741824,211281,0.009233,0.973997,162245317035.704102,0.075739,0.424070
1073741824,2147483648,516186,0.022556,0.996554,633883025694.973633,0.295908,0.719978
2147483648,4294967296,49535,0.002165,0.998718,135414442115.821289,0.063214,0.783192
4294967296,8589934592,16422,0.000718,0.999436,87370188056.149414,0.040786,0.823978
8589934592,17179869184,5723,0.000250,0.999686,62382529746.835938,0.029121,0.853099
17179869184,34359738368,3462,0.000151,0.999837,85361157507.532227,0.039848,0.892947
34359738368,68719476736,2533,0.000111,0.999948,118832807809.079102,0.055473,0.948420
68719476736,137438953472,1049,0.000046,0.999994,77119958813.686523,0.036001,0.984421
137438953472,274877906944,109,0.000005,0.999999,16542924712.515625,0.007723,0.992144
274877906944,549755813888,11,0.000000,0.999999,3634570816.203125,0.001697,0.993840
549755813888,1099511627776,21,0.000001,1.000000,13195320944.500000,0.006160,1.000000

histogram,directory entries
count,1450000,items
average,77.234020,entries
min,0,entries
max,350000,entries
bucket min,bucket max,count,percent,cumulative pct,val count,percent,cumulative pct
0,1,799117,0.551115,0.551115,529065.000000,0.004724,0.004724
2,3,164095,0.113169,0.664284,399726.000000,0.003569,0.008294
4,7,120352,0.083001,0.747286,573497.000000,0.005121,0.013415
8,15,56432,0.038919,0.786204,602049.000000,0.005376,0.018791
16,31,79645,0.054928,0.841132,1684724.000000,0.015044,0.033834
32,63,103471,0.071359,0.912491,3818700.000000,0.034099,0.067933
64,127,46411,0.032008,0.944499,3375147.000000,0.030138,0.098071
128,255,23471,0.016187,0.960686,3507893.000000,0.031323,0.129394
256,511,25117,0.017322,0.978008,7367008.000000,0.065783,0.195178
512,1023,12321,0.008497,0.986505,8374138.000000,0.074776,0.269954
1024,2047,7344,0.005065,0.991570,9263615.000000,0.082719,0.352673
2048,4095,6066,0.004183,0.995753,15548601.000000,0.138840,0.491513
4096,8191,3990,0.002752,0.998505,19172214.000000,0.171197,0.662709
8192,16383,1785,0.001231,0.999736,16763287.000000,0.149686,0.812396
16384,32767,178,0.000123,0.999859,4051012.000000,0.036173,0.848569
32768,65535,133,0.000092,0.999950,6062275.000000,0.054133,0.902702
65536,131071,37,0.000026,0.999976,3422322.000000,0.030559,0.933261
131072,262143,25,0.000017,0.999993,4114121.000000,0.036737,0.969998
262144,524287,10,0.000007,1.000000,3359935.000000,0.030002,1.000000

histogram,directory size
count,1449999,items
average,19.632256,KB
min,16,KB
max,32768,KB
bucket min,bucket max,count,percent,cumulative pct,val count,percent,cumulative pct
16,32,1413966,0.975150,0.975150,22623456.000000,0.794733,0.794733
32,64,12735,0.008783,0.983932,412048.000000,0.014475,0.809207
64,128,10595,0.007307,0.991239,708512.000000,0.024889,0.834096
128,256,7071,0.004877,0.996116,1039552.000000,0.036518,0.870615
256,512,3830,0.002641,0.998757,1189648.000000,0.041791,0.912405
512,1024,1177,0.000812,0.999569,640160.000000,0.022488,0.934893
1024,2048,360,0.000248,0.999817,404608.000000,0.014213,0.949107
2048,4096,154,0.000106,0.999923,359584.000000,0.012632,0.961738
4096,8192,58,0.000040,0.999963,277616.000000,0.009752,0.971491
8192,16384,36,0.000025,0.999988,354192.000000,0.012442,0.983933
16384,32768,10,0.000007,0.999995,228000.000000,0.008009,0.991942
32768,65536,7,0.000005,1.000000,229376.000000,0.008058,1.000000

histogram,filename length
count,106075739,items
average,17.164377,chars
min,1,chars
max,211,chars
bucket min,bucket max,count,percent,cumulative pct,val count,percent,cumulative pct
0,7,4661229,0.043942,0.043942,23991707.000000,0.013177,0.013177
8,15,33136251,0.312383,0.356325,428961498.000000,0.235599,0.248776
16,23,53078250,0.500381,0.856706,935014945.000000,0.513540,0.762317
24,31,13122287,0.123707,0.980413,359905190.000000,0.197671,0.959988
32,39,1777481,0.016757,0.997170,59806918.000000,0.032848,0.992836
40,47,266101,0.002509,0.999678,11239713.000000,0.006173,0.999009
48,55,26228,0.000247,0.999925,1321786.000000,0.000726,0.999735
56,63,6544,0.000062,0.999987,383888.000000,0.000211,0.999946
64,71,1016,0.000010,0.999997,67611.000000,0.000037,0.999983
72,79,203,0.000002,0.999999,15196.000000,0.000008,0.999991
80,87,48,0.000000,0.999999,3997.000000,0.000002,0.999994
88,95,33,0.000000,0.999999,3034.000000,0.000002,0.999995
96,103,19,0.000000,1.000000,1855.000000,0.000001,0.999996
104,111,13,0.000000,1.000000,1408.000000,0.000001,0.999997
112,119,3,0.000000,1.000000,343.000000,0.000000,0.999997
120,127,4,0.000000,1.000000,490.000000,0.000000,0.999998
127,-1,29,0.000000,1.000000,4436.000000,0.000002,1.000000

histogram,link count
count,106075739,items
average,1.000000,links
min,1,links
max,2,links
bucket min,bucket max,count,percent,cumulative pct,val count,percent,cumulative pct
0,1,106075735,1.000000,1.000000,106075735.000000,1.000000,1.000000
2,3,4,0.000000,1.000000,8.000000,0.000000,1.000000

histogram,mtime (files)
count,106075739,items
average,576.941690,days
min,0,days
max,15182,days
bucket min,bucket max,count,percent,cumulative pct,val count,percent,cumulative pct
-1,0,2385,0.000022,0.000022,-1018.946725,-0.000000,-0.000000
0,2,52104,0.000491,0.000514,74255.914560,0.000001,0.000001
2,4,74880,0.000706,0.001220,266052.148808,0.000004,0.000006
4,8,156245,0.001473,0.002693,978753.617975,0.000016,0.000022
8,16,1118019,0.010540,0.013232,16741066.219260,0.000274,0.000295
16,32,136877,0.001290,0.014523,3807140.101597,0.000062,0.000357
32,64,12435794,0.117235,0.131758,466257085.660179,0.007619,0.007976
64,128,6136521,0.057850,0.189608,586176484.716842,0.009578,0.017554
128,256,6443454,0.060744,0.250352,1191876357.065146,0.019475,0.037029
256,512,18078287,0.170428,0.420780,7075623387.483564,0.115616,0.152645
512,1024,52437390,0.494339,0.915119,37651445693.821739,0.615225,0.767870
1024,2048,8267409,0.077939,0.993058,12285947584.298523,0.200752,0.968622
2048,4096,709673,0.006690,0.999748,1792790930.733835,0.029294,0.997916
4096,8192,26652,0.000251,1.000000,127079071.920083,0.002076,0.999993
8192,16384,49,0.000000,1.000000,453250.051875,0.000007,1.000000

histogram,mtime (KB)
count,2280571573716,items
average,559.486131,days
min,0,days
max,15182,days
bucket min,bucket max,count,percent,cumulative pct,val count,percent,cumulative pct
-1,0,29405015,0.000013,0.000013,-12297155.154965,-0.000000,-0.000000
0,2,3159173416,0.001385,0.001398,4504458574.225185,0.000004,0.000004
2,4,949135656,0.000416,0.001814,3162936736.630258,0.000002,0.000006
4,8,7831585192,0.003434,0.005248,47157286514.176979,0.000037,0.000043
8,16,5060358949,0.002219,0.007467,56473840874.543983,0.000044,0.000087
16,32,1643614260,0.000721,0.008188,44236137837.962578,0.000035,0.000122
32,64,166540831521,0.073026,0.081214,6712779196994.880859,0.005261,0.005383
64,128,146043618126,0.064038,0.145252,14537968418269.035156,0.011394,0.016777
128,256,187144975878,0.082061,0.227313,33968408559734.031250,0.026622,0.043399
256,512,463855836733,0.203395,0.430707,177881224869254.562500,0.139411,0.182810
512,1024,1175425893549,0.515408,0.946116,852463815279550.500000,0.668102,0.850912
1024,2048,110969905947,0.048659,0.994774,162969471477849.593750,0.127724,0.978636
2048,4096,11889778370,0.005214,0.999988,27142512816836.890625,0.021272,0.999909
4096,8192,27460581,0.000012,1.000000,116458909217.873779,0.000091,1.000000
8192,16384,516,0.000000,1.000000,4570925.416365,0.000000,1.000000

histogram,atime (files)
count,106075739,items
average,538.603657,days
min,0,days
max,15182,days
bucket min,bucket max,count,percent,cumulative pct,val count,percent,cumulative pct
-1,0,18681,0.000176,0.000176,-8701.894676,-0.000000,-0.000000
0,2,44663,0.000421,0.000597,68622.733750,0.000001,0.000001
2,4,72508,0.000684,0.001281,259900.867037,0.000005,0.000006
4,8,166141,0.001566,0.002847,1055895.046632,0.000018,0.000024
8,16,1223861,0.011538,0.014385,18087614.861054,0.000317,0.000341
16,32,53444,0.000504,0.014888,1291886.497627,0.000023,0.000363
32,64,12497068,0.117813,0.132701,457415169.024165,0.008006,0.008369
64,128,5790031,0.054584,0.187285,542821890.024589,0.009501,0.017871
128,256,7259482,0.068437,0.255722,1371701569.611515,0.024009,0.041880
256,512,28489662,0.268578,0.524300,12159534423.714489,0.212829,0.254709
512,1024,42600895,0.401608,0.925909,31127203114.628460,0.544822,0.799531
1024,2048,7725894,0.072834,0.998742,11146330545.825344,0.195095,0.994626
2048,4096,133404,0.001258,1.000000,306976366.447238,0.005373,0.999999
4096,8192,3,0.000000,1.000000,12298.380197,0.000000,0.999999
8192,16384,2,0.000000,1.000000,30364.436597,0.000001,1.000000

histogram,atime (KB)
count,2280571573716,items
average,539.755093,days
min,0,days
max,15182,days
bucket min,bucket max,count,percent,cumulative pct,val count,percent,cumulative pct
-1,0,144302620,0.000063,0.000063,-67911903.058308,-0.000000,-0.000000
0,2,5889342772,0.002582,0.002646,8389169809.812078,0.000007,0.000007
2,4,828609488,0.000363,0.003009,2875666193.154561,0.000002,0.000009
4,8,7582055359,0.003325,0.006334,45899892520.594223,0.000037,0.000046
8,16,4355337163,0.001910,0.008243,52399496699.040497,0.000043,0.000089
16,32,995697561,0.000437,0.008680,22675344623.364803,0.000018,0.000107
32,64,165298474141,0.072481,0.081161,6449147380550.880859,0.005239,0.005347
64,128,147716433211,0.064772,0.145933,14750179800442.056641,0.011983,0.017329
128,256,193939654583,0.085040,0.230973,35356712022861.140625,0.028723,0.046052
256,512,518966538996,0.227560,0.458533,203340503429949.343750,0.165190,0.211242
512,1024,1130695488405,0.495795,0.954327,817634203024379.625000,0.664230,0.875472
1024,2048,98684572987,0.043272,0.997599,141561415084050.468750,0.115002,0.990474
2048,4096,5475066291,0.002401,1.000000,11725788743184.291016,0.009526,1.000000
4096,8192,132,0.000000,1.000000,544019.202228,0.000000,1.000000
